{
 "cells": [
  {
   "cell_type": "markdown",
   "metadata": {},
   "source": [
    "# A script to calculate partial correlation coefficients from bootstrap parameters using the pingouin module.\n",
    "\n",
    "Needs to be run in python 3.7 for Pingouin compatibility"
   ]
  },
  {
   "cell_type": "code",
   "execution_count": 1,
   "metadata": {},
   "outputs": [],
   "source": [
    "import numpy as np\n",
    "import pandas as pd\n",
    "import pingouin as pg\n",
    "\n",
    "path = '/Users/dougbarrick/OneDrive - Johns Hopkins/Manuscripts/Ising_program/\\\n",
    "Scripts/scripts_mutations/T4V_two_mi_values_2020_05_10/'\n",
    "\n",
    "proj_name = 'T4V_NRC_2mi'\n",
    "\n",
    "bs_params_df = pd.read_csv('{}{}_bootstrap_params.csv'.format(path, proj_name), index_col='Bootstrap Iter')\n",
    "del bs_params_df['redchi**2'], bs_params_df['bestchi**2']\n",
    "\n",
    "bs_params_partial_corr_df = bs_params_df.pcorr() # Gives matrix of partial correlations, where all other variables are factored out\n",
    "bs_params_partial_corr_df.to_csv('{}{}_bootstrap_partial_corr.csv'.format(path, proj_name))"
   ]
  },
  {
   "cell_type": "code",
   "execution_count": 3,
   "metadata": {},
   "outputs": [
    {
     "data": {
      "text/html": [
       "<div>\n",
       "<style scoped>\n",
       "    .dataframe tbody tr th:only-of-type {\n",
       "        vertical-align: middle;\n",
       "    }\n",
       "\n",
       "    .dataframe tbody tr th {\n",
       "        vertical-align: top;\n",
       "    }\n",
       "\n",
       "    .dataframe thead th {\n",
       "        text-align: right;\n",
       "    }\n",
       "</style>\n",
       "<table border=\"1\" class=\"dataframe\">\n",
       "  <thead>\n",
       "    <tr style=\"text-align: right;\">\n",
       "      <th></th>\n",
       "      <th>dGN</th>\n",
       "      <th>dGR</th>\n",
       "      <th>dGX</th>\n",
       "      <th>dGC</th>\n",
       "      <th>dGRR</th>\n",
       "      <th>dGXX</th>\n",
       "      <th>dGRX</th>\n",
       "      <th>dGXR</th>\n",
       "      <th>mR</th>\n",
       "      <th>mX</th>\n",
       "    </tr>\n",
       "  </thead>\n",
       "  <tbody>\n",
       "    <tr>\n",
       "      <th>dGN</th>\n",
       "      <td>1.000000</td>\n",
       "      <td>-0.610251</td>\n",
       "      <td>-0.665335</td>\n",
       "      <td>-0.712051</td>\n",
       "      <td>-0.656670</td>\n",
       "      <td>-0.325471</td>\n",
       "      <td>-0.722281</td>\n",
       "      <td>-0.656009</td>\n",
       "      <td>-0.711515</td>\n",
       "      <td>-0.668353</td>\n",
       "    </tr>\n",
       "    <tr>\n",
       "      <th>dGR</th>\n",
       "      <td>-0.610251</td>\n",
       "      <td>1.000000</td>\n",
       "      <td>-0.180001</td>\n",
       "      <td>-0.579434</td>\n",
       "      <td>-0.986680</td>\n",
       "      <td>0.022677</td>\n",
       "      <td>-0.198784</td>\n",
       "      <td>-0.209370</td>\n",
       "      <td>-0.978636</td>\n",
       "      <td>-0.192152</td>\n",
       "    </tr>\n",
       "    <tr>\n",
       "      <th>dGX</th>\n",
       "      <td>-0.665335</td>\n",
       "      <td>-0.180001</td>\n",
       "      <td>1.000000</td>\n",
       "      <td>-0.714437</td>\n",
       "      <td>-0.171463</td>\n",
       "      <td>-0.682433</td>\n",
       "      <td>-0.913477</td>\n",
       "      <td>-0.920834</td>\n",
       "      <td>-0.278734</td>\n",
       "      <td>-0.979124</td>\n",
       "    </tr>\n",
       "    <tr>\n",
       "      <th>dGC</th>\n",
       "      <td>-0.712051</td>\n",
       "      <td>-0.579434</td>\n",
       "      <td>-0.714437</td>\n",
       "      <td>1.000000</td>\n",
       "      <td>-0.611410</td>\n",
       "      <td>-0.328951</td>\n",
       "      <td>-0.686384</td>\n",
       "      <td>-0.776520</td>\n",
       "      <td>-0.639253</td>\n",
       "      <td>-0.708872</td>\n",
       "    </tr>\n",
       "    <tr>\n",
       "      <th>dGRR</th>\n",
       "      <td>-0.656670</td>\n",
       "      <td>-0.986680</td>\n",
       "      <td>-0.171463</td>\n",
       "      <td>-0.611410</td>\n",
       "      <td>1.000000</td>\n",
       "      <td>0.018877</td>\n",
       "      <td>-0.186803</td>\n",
       "      <td>-0.200970</td>\n",
       "      <td>-0.979956</td>\n",
       "      <td>-0.181617</td>\n",
       "    </tr>\n",
       "    <tr>\n",
       "      <th>dGXX</th>\n",
       "      <td>-0.325471</td>\n",
       "      <td>0.022677</td>\n",
       "      <td>-0.682433</td>\n",
       "      <td>-0.328951</td>\n",
       "      <td>0.018877</td>\n",
       "      <td>1.000000</td>\n",
       "      <td>-0.451609</td>\n",
       "      <td>-0.442464</td>\n",
       "      <td>-0.067304</td>\n",
       "      <td>-0.630341</td>\n",
       "    </tr>\n",
       "    <tr>\n",
       "      <th>dGRX</th>\n",
       "      <td>-0.722281</td>\n",
       "      <td>-0.198784</td>\n",
       "      <td>-0.913477</td>\n",
       "      <td>-0.686384</td>\n",
       "      <td>-0.186803</td>\n",
       "      <td>-0.451609</td>\n",
       "      <td>1.000000</td>\n",
       "      <td>-0.885286</td>\n",
       "      <td>-0.303072</td>\n",
       "      <td>-0.920982</td>\n",
       "    </tr>\n",
       "    <tr>\n",
       "      <th>dGXR</th>\n",
       "      <td>-0.656009</td>\n",
       "      <td>-0.209370</td>\n",
       "      <td>-0.920834</td>\n",
       "      <td>-0.776520</td>\n",
       "      <td>-0.200970</td>\n",
       "      <td>-0.442464</td>\n",
       "      <td>-0.885286</td>\n",
       "      <td>1.000000</td>\n",
       "      <td>-0.309959</td>\n",
       "      <td>-0.926692</td>\n",
       "    </tr>\n",
       "    <tr>\n",
       "      <th>mR</th>\n",
       "      <td>-0.711515</td>\n",
       "      <td>-0.978636</td>\n",
       "      <td>-0.278734</td>\n",
       "      <td>-0.639253</td>\n",
       "      <td>-0.979956</td>\n",
       "      <td>-0.067304</td>\n",
       "      <td>-0.303072</td>\n",
       "      <td>-0.309959</td>\n",
       "      <td>1.000000</td>\n",
       "      <td>-0.295350</td>\n",
       "    </tr>\n",
       "    <tr>\n",
       "      <th>mX</th>\n",
       "      <td>-0.668353</td>\n",
       "      <td>-0.192152</td>\n",
       "      <td>-0.979124</td>\n",
       "      <td>-0.708872</td>\n",
       "      <td>-0.181617</td>\n",
       "      <td>-0.630341</td>\n",
       "      <td>-0.920982</td>\n",
       "      <td>-0.926692</td>\n",
       "      <td>-0.295350</td>\n",
       "      <td>1.000000</td>\n",
       "    </tr>\n",
       "  </tbody>\n",
       "</table>\n",
       "</div>"
      ],
      "text/plain": [
       "           dGN       dGR       dGX       dGC      dGRR      dGXX      dGRX  \\\n",
       "dGN   1.000000 -0.610251 -0.665335 -0.712051 -0.656670 -0.325471 -0.722281   \n",
       "dGR  -0.610251  1.000000 -0.180001 -0.579434 -0.986680  0.022677 -0.198784   \n",
       "dGX  -0.665335 -0.180001  1.000000 -0.714437 -0.171463 -0.682433 -0.913477   \n",
       "dGC  -0.712051 -0.579434 -0.714437  1.000000 -0.611410 -0.328951 -0.686384   \n",
       "dGRR -0.656670 -0.986680 -0.171463 -0.611410  1.000000  0.018877 -0.186803   \n",
       "dGXX -0.325471  0.022677 -0.682433 -0.328951  0.018877  1.000000 -0.451609   \n",
       "dGRX -0.722281 -0.198784 -0.913477 -0.686384 -0.186803 -0.451609  1.000000   \n",
       "dGXR -0.656009 -0.209370 -0.920834 -0.776520 -0.200970 -0.442464 -0.885286   \n",
       "mR   -0.711515 -0.978636 -0.278734 -0.639253 -0.979956 -0.067304 -0.303072   \n",
       "mX   -0.668353 -0.192152 -0.979124 -0.708872 -0.181617 -0.630341 -0.920982   \n",
       "\n",
       "          dGXR        mR        mX  \n",
       "dGN  -0.656009 -0.711515 -0.668353  \n",
       "dGR  -0.209370 -0.978636 -0.192152  \n",
       "dGX  -0.920834 -0.278734 -0.979124  \n",
       "dGC  -0.776520 -0.639253 -0.708872  \n",
       "dGRR -0.200970 -0.979956 -0.181617  \n",
       "dGXX -0.442464 -0.067304 -0.630341  \n",
       "dGRX -0.885286 -0.303072 -0.920982  \n",
       "dGXR  1.000000 -0.309959 -0.926692  \n",
       "mR   -0.309959  1.000000 -0.295350  \n",
       "mX   -0.926692 -0.295350  1.000000  "
      ]
     },
     "execution_count": 3,
     "metadata": {},
     "output_type": "execute_result"
    }
   ],
   "source": [
    "bs_params_partial_corr_df"
   ]
  },
  {
   "cell_type": "code",
   "execution_count": 4,
   "metadata": {},
   "outputs": [
    {
     "data": {
      "text/html": [
       "<div>\n",
       "<style scoped>\n",
       "    .dataframe tbody tr th:only-of-type {\n",
       "        vertical-align: middle;\n",
       "    }\n",
       "\n",
       "    .dataframe tbody tr th {\n",
       "        vertical-align: top;\n",
       "    }\n",
       "\n",
       "    .dataframe thead th {\n",
       "        text-align: right;\n",
       "    }\n",
       "</style>\n",
       "<table border=\"1\" class=\"dataframe\">\n",
       "  <thead>\n",
       "    <tr style=\"text-align: right;\">\n",
       "      <th></th>\n",
       "      <th>n</th>\n",
       "      <th>r</th>\n",
       "      <th>CI95%</th>\n",
       "      <th>r2</th>\n",
       "      <th>adj_r2</th>\n",
       "      <th>p-val</th>\n",
       "      <th>BF10</th>\n",
       "      <th>power</th>\n",
       "    </tr>\n",
       "  </thead>\n",
       "  <tbody>\n",
       "    <tr>\n",
       "      <th>pearson</th>\n",
       "      <td>100</td>\n",
       "      <td>0.74</td>\n",
       "      <td>[0.64, 0.82]</td>\n",
       "      <td>0.548</td>\n",
       "      <td>0.539</td>\n",
       "      <td>1.352015e-18</td>\n",
       "      <td>4.614e+15</td>\n",
       "      <td>1.0</td>\n",
       "    </tr>\n",
       "  </tbody>\n",
       "</table>\n",
       "</div>"
      ],
      "text/plain": [
       "           n     r         CI95%     r2  adj_r2         p-val       BF10  \\\n",
       "pearson  100  0.74  [0.64, 0.82]  0.548   0.539  1.352015e-18  4.614e+15   \n",
       "\n",
       "         power  \n",
       "pearson    1.0  "
      ]
     },
     "execution_count": 4,
     "metadata": {},
     "output_type": "execute_result"
    }
   ],
   "source": [
    "pg.partial_corr(data=bs_params_df, x='dGN', y='mi', covar=['dGC', 'dGinter', 'dGR'])"
   ]
  },
  {
   "cell_type": "code",
   "execution_count": 5,
   "metadata": {},
   "outputs": [
    {
     "data": {
      "text/html": [
       "<div>\n",
       "<style scoped>\n",
       "    .dataframe tbody tr th:only-of-type {\n",
       "        vertical-align: middle;\n",
       "    }\n",
       "\n",
       "    .dataframe tbody tr th {\n",
       "        vertical-align: top;\n",
       "    }\n",
       "\n",
       "    .dataframe thead th {\n",
       "        text-align: right;\n",
       "    }\n",
       "</style>\n",
       "<table border=\"1\" class=\"dataframe\">\n",
       "  <thead>\n",
       "    <tr style=\"text-align: right;\">\n",
       "      <th></th>\n",
       "      <th>dGN</th>\n",
       "      <th>dGR</th>\n",
       "      <th>dGC</th>\n",
       "      <th>dGinter</th>\n",
       "      <th>mi</th>\n",
       "    </tr>\n",
       "    <tr>\n",
       "      <th>Bootstrap Iter</th>\n",
       "      <th></th>\n",
       "      <th></th>\n",
       "      <th></th>\n",
       "      <th></th>\n",
       "      <th></th>\n",
       "    </tr>\n",
       "  </thead>\n",
       "  <tbody>\n",
       "    <tr>\n",
       "      <th>1</th>\n",
       "      <td>5.405252</td>\n",
       "      <td>4.550770</td>\n",
       "      <td>7.002245</td>\n",
       "      <td>-11.573940</td>\n",
       "      <td>0.776146</td>\n",
       "    </tr>\n",
       "    <tr>\n",
       "      <th>2</th>\n",
       "      <td>5.485417</td>\n",
       "      <td>4.612975</td>\n",
       "      <td>7.117346</td>\n",
       "      <td>-11.732969</td>\n",
       "      <td>0.786131</td>\n",
       "    </tr>\n",
       "    <tr>\n",
       "      <th>3</th>\n",
       "      <td>5.456214</td>\n",
       "      <td>4.592220</td>\n",
       "      <td>7.091411</td>\n",
       "      <td>-11.692516</td>\n",
       "      <td>0.785132</td>\n",
       "    </tr>\n",
       "    <tr>\n",
       "      <th>4</th>\n",
       "      <td>5.320997</td>\n",
       "      <td>4.475113</td>\n",
       "      <td>6.923124</td>\n",
       "      <td>-11.420710</td>\n",
       "      <td>0.768395</td>\n",
       "    </tr>\n",
       "    <tr>\n",
       "      <th>5</th>\n",
       "      <td>5.478595</td>\n",
       "      <td>4.611827</td>\n",
       "      <td>7.130214</td>\n",
       "      <td>-11.768507</td>\n",
       "      <td>0.792413</td>\n",
       "    </tr>\n",
       "    <tr>\n",
       "      <th>...</th>\n",
       "      <td>...</td>\n",
       "      <td>...</td>\n",
       "      <td>...</td>\n",
       "      <td>...</td>\n",
       "      <td>...</td>\n",
       "    </tr>\n",
       "    <tr>\n",
       "      <th>996</th>\n",
       "      <td>5.352447</td>\n",
       "      <td>4.499597</td>\n",
       "      <td>6.955339</td>\n",
       "      <td>-11.490904</td>\n",
       "      <td>0.773409</td>\n",
       "    </tr>\n",
       "    <tr>\n",
       "      <th>997</th>\n",
       "      <td>5.387312</td>\n",
       "      <td>4.533415</td>\n",
       "      <td>6.994831</td>\n",
       "      <td>-11.540545</td>\n",
       "      <td>0.774259</td>\n",
       "    </tr>\n",
       "    <tr>\n",
       "      <th>998</th>\n",
       "      <td>5.416159</td>\n",
       "      <td>4.574746</td>\n",
       "      <td>7.060990</td>\n",
       "      <td>-11.602079</td>\n",
       "      <td>0.775417</td>\n",
       "    </tr>\n",
       "    <tr>\n",
       "      <th>999</th>\n",
       "      <td>5.478731</td>\n",
       "      <td>4.591690</td>\n",
       "      <td>7.099130</td>\n",
       "      <td>-11.753201</td>\n",
       "      <td>0.792852</td>\n",
       "    </tr>\n",
       "    <tr>\n",
       "      <th>1000</th>\n",
       "      <td>5.386403</td>\n",
       "      <td>4.553360</td>\n",
       "      <td>6.985396</td>\n",
       "      <td>-11.557210</td>\n",
       "      <td>0.774174</td>\n",
       "    </tr>\n",
       "  </tbody>\n",
       "</table>\n",
       "<p>1000 rows × 5 columns</p>\n",
       "</div>"
      ],
      "text/plain": [
       "                     dGN       dGR       dGC    dGinter        mi\n",
       "Bootstrap Iter                                                   \n",
       "1               5.405252  4.550770  7.002245 -11.573940  0.776146\n",
       "2               5.485417  4.612975  7.117346 -11.732969  0.786131\n",
       "3               5.456214  4.592220  7.091411 -11.692516  0.785132\n",
       "4               5.320997  4.475113  6.923124 -11.420710  0.768395\n",
       "5               5.478595  4.611827  7.130214 -11.768507  0.792413\n",
       "...                  ...       ...       ...        ...       ...\n",
       "996             5.352447  4.499597  6.955339 -11.490904  0.773409\n",
       "997             5.387312  4.533415  6.994831 -11.540545  0.774259\n",
       "998             5.416159  4.574746  7.060990 -11.602079  0.775417\n",
       "999             5.478731  4.591690  7.099130 -11.753201  0.792852\n",
       "1000            5.386403  4.553360  6.985396 -11.557210  0.774174\n",
       "\n",
       "[1000 rows x 5 columns]"
      ]
     },
     "execution_count": 5,
     "metadata": {},
     "output_type": "execute_result"
    }
   ],
   "source": [
    "bs_params_df"
   ]
  },
  {
   "cell_type": "code",
   "execution_count": null,
   "metadata": {},
   "outputs": [],
   "source": []
  }
 ],
 "metadata": {
  "kernelspec": {
   "display_name": "Python 2",
   "language": "python",
   "name": "python2"
  },
  "language_info": {
   "codemirror_mode": {
    "name": "ipython",
    "version": 2
   },
   "file_extension": ".py",
   "mimetype": "text/x-python",
   "name": "python",
   "nbconvert_exporter": "python",
   "pygments_lexer": "ipython2",
   "version": "2.7.18"
  }
 },
 "nbformat": 4,
 "nbformat_minor": 4
}
